{
 "cells": [
  {
   "cell_type": "markdown",
   "id": "37b0609f",
   "metadata": {},
   "source": [
    "<h2>EDA - Exploratory Data Analysis</h2>\n",
    "<BR>\n",
    "<h5><p>let's visualize and explore our data</p></h5>"
   ]
  },
  {
   "cell_type": "code",
   "execution_count": 1,
   "id": "dd4b1205",
   "metadata": {},
   "outputs": [],
   "source": [
    "import pandas as pd\n",
    "import numpy as np\n",
    "from matplotlib import pyplot as plt"
   ]
  },
  {
   "cell_type": "code",
   "execution_count": 22,
   "id": "9bec8d67",
   "metadata": {},
   "outputs": [],
   "source": [
    "df = pd.read_csv('./clean_anime_dataframe')"
   ]
  },
  {
   "cell_type": "code",
   "execution_count": 26,
   "id": "72dc5adc",
   "metadata": {},
   "outputs": [
    {
     "data": {
      "text/html": [
       "<div>\n",
       "<style scoped>\n",
       "    .dataframe tbody tr th:only-of-type {\n",
       "        vertical-align: middle;\n",
       "    }\n",
       "\n",
       "    .dataframe tbody tr th {\n",
       "        vertical-align: top;\n",
       "    }\n",
       "\n",
       "    .dataframe thead th {\n",
       "        text-align: right;\n",
       "    }\n",
       "</style>\n",
       "<table border=\"1\" class=\"dataframe\">\n",
       "  <thead>\n",
       "    <tr style=\"text-align: right;\">\n",
       "      <th></th>\n",
       "      <th>Format</th>\n",
       "      <th>Mean Score</th>\n",
       "      <th>Popularity</th>\n",
       "      <th>Favorites</th>\n",
       "      <th>Source</th>\n",
       "      <th>Action</th>\n",
       "      <th>Adventure</th>\n",
       "      <th>Comedy</th>\n",
       "      <th>Drama</th>\n",
       "      <th>Ecchi</th>\n",
       "      <th>...</th>\n",
       "      <th>Mecha</th>\n",
       "      <th>Music</th>\n",
       "      <th>Mystery</th>\n",
       "      <th>Psychological</th>\n",
       "      <th>Romance</th>\n",
       "      <th>Sci-Fi</th>\n",
       "      <th>Slice of Life</th>\n",
       "      <th>Sports</th>\n",
       "      <th>Supernatural</th>\n",
       "      <th>Thriller</th>\n",
       "    </tr>\n",
       "  </thead>\n",
       "  <tbody>\n",
       "    <tr>\n",
       "      <th>Format</th>\n",
       "      <td>1.000000</td>\n",
       "      <td>-0.106881</td>\n",
       "      <td>-0.234199</td>\n",
       "      <td>-0.136544</td>\n",
       "      <td>0.119537</td>\n",
       "      <td>-0.011674</td>\n",
       "      <td>-0.024202</td>\n",
       "      <td>-0.101061</td>\n",
       "      <td>-0.104003</td>\n",
       "      <td>-0.076335</td>\n",
       "      <td>...</td>\n",
       "      <td>-0.067052</td>\n",
       "      <td>-0.022603</td>\n",
       "      <td>-0.051491</td>\n",
       "      <td>0.009225</td>\n",
       "      <td>-0.062871</td>\n",
       "      <td>-0.081317</td>\n",
       "      <td>-0.074761</td>\n",
       "      <td>-0.070251</td>\n",
       "      <td>-0.041320</td>\n",
       "      <td>-0.007966</td>\n",
       "    </tr>\n",
       "    <tr>\n",
       "      <th>Mean Score</th>\n",
       "      <td>-0.106881</td>\n",
       "      <td>1.000000</td>\n",
       "      <td>0.374020</td>\n",
       "      <td>0.280960</td>\n",
       "      <td>-0.140784</td>\n",
       "      <td>0.070201</td>\n",
       "      <td>0.022738</td>\n",
       "      <td>0.047612</td>\n",
       "      <td>0.199661</td>\n",
       "      <td>-0.079937</td>\n",
       "      <td>...</td>\n",
       "      <td>-0.049362</td>\n",
       "      <td>0.028996</td>\n",
       "      <td>0.129295</td>\n",
       "      <td>0.095483</td>\n",
       "      <td>0.100643</td>\n",
       "      <td>-0.020668</td>\n",
       "      <td>0.156863</td>\n",
       "      <td>0.054633</td>\n",
       "      <td>0.111751</td>\n",
       "      <td>0.069575</td>\n",
       "    </tr>\n",
       "    <tr>\n",
       "      <th>Popularity</th>\n",
       "      <td>-0.234199</td>\n",
       "      <td>0.374020</td>\n",
       "      <td>1.000000</td>\n",
       "      <td>0.863669</td>\n",
       "      <td>-0.129990</td>\n",
       "      <td>0.106678</td>\n",
       "      <td>0.010196</td>\n",
       "      <td>0.029548</td>\n",
       "      <td>0.157483</td>\n",
       "      <td>0.047298</td>\n",
       "      <td>...</td>\n",
       "      <td>-0.058761</td>\n",
       "      <td>-0.027886</td>\n",
       "      <td>0.136162</td>\n",
       "      <td>0.147982</td>\n",
       "      <td>0.109914</td>\n",
       "      <td>-0.028579</td>\n",
       "      <td>0.077151</td>\n",
       "      <td>-0.017228</td>\n",
       "      <td>0.157908</td>\n",
       "      <td>0.143321</td>\n",
       "    </tr>\n",
       "    <tr>\n",
       "      <th>Favorites</th>\n",
       "      <td>-0.136544</td>\n",
       "      <td>0.280960</td>\n",
       "      <td>0.863669</td>\n",
       "      <td>1.000000</td>\n",
       "      <td>-0.083701</td>\n",
       "      <td>0.070199</td>\n",
       "      <td>0.021929</td>\n",
       "      <td>-0.004420</td>\n",
       "      <td>0.137805</td>\n",
       "      <td>-0.010424</td>\n",
       "      <td>...</td>\n",
       "      <td>-0.029040</td>\n",
       "      <td>-0.011217</td>\n",
       "      <td>0.095735</td>\n",
       "      <td>0.123316</td>\n",
       "      <td>0.047786</td>\n",
       "      <td>-0.023326</td>\n",
       "      <td>0.039623</td>\n",
       "      <td>-0.006888</td>\n",
       "      <td>0.093361</td>\n",
       "      <td>0.117351</td>\n",
       "    </tr>\n",
       "    <tr>\n",
       "      <th>Source</th>\n",
       "      <td>0.119537</td>\n",
       "      <td>-0.140784</td>\n",
       "      <td>-0.129990</td>\n",
       "      <td>-0.083701</td>\n",
       "      <td>1.000000</td>\n",
       "      <td>0.040377</td>\n",
       "      <td>0.038123</td>\n",
       "      <td>-0.235377</td>\n",
       "      <td>0.008232</td>\n",
       "      <td>-0.087715</td>\n",
       "      <td>...</td>\n",
       "      <td>0.059057</td>\n",
       "      <td>0.119344</td>\n",
       "      <td>-0.001873</td>\n",
       "      <td>0.023292</td>\n",
       "      <td>-0.033720</td>\n",
       "      <td>0.052087</td>\n",
       "      <td>-0.086004</td>\n",
       "      <td>-0.090604</td>\n",
       "      <td>-0.048609</td>\n",
       "      <td>0.023920</td>\n",
       "    </tr>\n",
       "    <tr>\n",
       "      <th>Action</th>\n",
       "      <td>-0.011674</td>\n",
       "      <td>0.070201</td>\n",
       "      <td>0.106678</td>\n",
       "      <td>0.070199</td>\n",
       "      <td>0.040377</td>\n",
       "      <td>1.000000</td>\n",
       "      <td>0.152430</td>\n",
       "      <td>-0.215031</td>\n",
       "      <td>-0.013861</td>\n",
       "      <td>0.007725</td>\n",
       "      <td>...</td>\n",
       "      <td>0.190835</td>\n",
       "      <td>-0.097882</td>\n",
       "      <td>0.021690</td>\n",
       "      <td>-0.025622</td>\n",
       "      <td>-0.136645</td>\n",
       "      <td>0.247319</td>\n",
       "      <td>-0.278258</td>\n",
       "      <td>-0.035146</td>\n",
       "      <td>0.060879</td>\n",
       "      <td>0.045239</td>\n",
       "    </tr>\n",
       "    <tr>\n",
       "      <th>Adventure</th>\n",
       "      <td>-0.024202</td>\n",
       "      <td>0.022738</td>\n",
       "      <td>0.010196</td>\n",
       "      <td>0.021929</td>\n",
       "      <td>0.038123</td>\n",
       "      <td>0.152430</td>\n",
       "      <td>1.000000</td>\n",
       "      <td>-0.065436</td>\n",
       "      <td>-0.042573</td>\n",
       "      <td>-0.084715</td>\n",
       "      <td>...</td>\n",
       "      <td>0.042156</td>\n",
       "      <td>-0.092854</td>\n",
       "      <td>-0.008952</td>\n",
       "      <td>-0.071750</td>\n",
       "      <td>-0.080157</td>\n",
       "      <td>0.072656</td>\n",
       "      <td>-0.189040</td>\n",
       "      <td>-0.100984</td>\n",
       "      <td>-0.043195</td>\n",
       "      <td>-0.037587</td>\n",
       "    </tr>\n",
       "    <tr>\n",
       "      <th>Comedy</th>\n",
       "      <td>-0.101061</td>\n",
       "      <td>0.047612</td>\n",
       "      <td>0.029548</td>\n",
       "      <td>-0.004420</td>\n",
       "      <td>-0.235377</td>\n",
       "      <td>-0.215031</td>\n",
       "      <td>-0.065436</td>\n",
       "      <td>1.000000</td>\n",
       "      <td>-0.198108</td>\n",
       "      <td>0.166546</td>\n",
       "      <td>...</td>\n",
       "      <td>-0.137627</td>\n",
       "      <td>-0.055566</td>\n",
       "      <td>-0.098495</td>\n",
       "      <td>-0.159844</td>\n",
       "      <td>0.063376</td>\n",
       "      <td>-0.162011</td>\n",
       "      <td>0.146890</td>\n",
       "      <td>-0.015241</td>\n",
       "      <td>-0.041878</td>\n",
       "      <td>-0.095085</td>\n",
       "    </tr>\n",
       "    <tr>\n",
       "      <th>Drama</th>\n",
       "      <td>-0.104003</td>\n",
       "      <td>0.199661</td>\n",
       "      <td>0.157483</td>\n",
       "      <td>0.137805</td>\n",
       "      <td>0.008232</td>\n",
       "      <td>-0.013861</td>\n",
       "      <td>-0.042573</td>\n",
       "      <td>-0.198108</td>\n",
       "      <td>1.000000</td>\n",
       "      <td>-0.084093</td>\n",
       "      <td>...</td>\n",
       "      <td>0.003878</td>\n",
       "      <td>0.012318</td>\n",
       "      <td>0.091250</td>\n",
       "      <td>0.122919</td>\n",
       "      <td>0.186901</td>\n",
       "      <td>0.029841</td>\n",
       "      <td>0.043308</td>\n",
       "      <td>0.037232</td>\n",
       "      <td>0.039738</td>\n",
       "      <td>0.076522</td>\n",
       "    </tr>\n",
       "    <tr>\n",
       "      <th>Ecchi</th>\n",
       "      <td>-0.076335</td>\n",
       "      <td>-0.079937</td>\n",
       "      <td>0.047298</td>\n",
       "      <td>-0.010424</td>\n",
       "      <td>-0.087715</td>\n",
       "      <td>0.007725</td>\n",
       "      <td>-0.084715</td>\n",
       "      <td>0.166546</td>\n",
       "      <td>-0.084093</td>\n",
       "      <td>1.000000</td>\n",
       "      <td>...</td>\n",
       "      <td>-0.037063</td>\n",
       "      <td>-0.051372</td>\n",
       "      <td>-0.051784</td>\n",
       "      <td>-0.041521</td>\n",
       "      <td>0.150001</td>\n",
       "      <td>-0.037846</td>\n",
       "      <td>-0.046111</td>\n",
       "      <td>-0.028805</td>\n",
       "      <td>0.017668</td>\n",
       "      <td>-0.026318</td>\n",
       "    </tr>\n",
       "    <tr>\n",
       "      <th>Fantasy</th>\n",
       "      <td>0.035271</td>\n",
       "      <td>0.040906</td>\n",
       "      <td>0.056053</td>\n",
       "      <td>0.036456</td>\n",
       "      <td>0.083347</td>\n",
       "      <td>0.126668</td>\n",
       "      <td>0.272606</td>\n",
       "      <td>-0.097569</td>\n",
       "      <td>-0.038367</td>\n",
       "      <td>-0.014017</td>\n",
       "      <td>...</td>\n",
       "      <td>-0.118991</td>\n",
       "      <td>-0.081312</td>\n",
       "      <td>-0.040260</td>\n",
       "      <td>-0.060472</td>\n",
       "      <td>-0.020981</td>\n",
       "      <td>-0.145702</td>\n",
       "      <td>-0.122884</td>\n",
       "      <td>-0.129106</td>\n",
       "      <td>0.016804</td>\n",
       "      <td>-0.032852</td>\n",
       "    </tr>\n",
       "    <tr>\n",
       "      <th>Horror</th>\n",
       "      <td>-0.033033</td>\n",
       "      <td>-0.075192</td>\n",
       "      <td>0.045697</td>\n",
       "      <td>0.019866</td>\n",
       "      <td>-0.032872</td>\n",
       "      <td>0.043961</td>\n",
       "      <td>-0.027632</td>\n",
       "      <td>-0.104446</td>\n",
       "      <td>0.040402</td>\n",
       "      <td>-0.014826</td>\n",
       "      <td>...</td>\n",
       "      <td>-0.030994</td>\n",
       "      <td>-0.040003</td>\n",
       "      <td>0.171785</td>\n",
       "      <td>0.149460</td>\n",
       "      <td>-0.050579</td>\n",
       "      <td>-0.008887</td>\n",
       "      <td>-0.081015</td>\n",
       "      <td>-0.044781</td>\n",
       "      <td>0.246472</td>\n",
       "      <td>0.138663</td>\n",
       "    </tr>\n",
       "    <tr>\n",
       "      <th>Mahou Shoujo</th>\n",
       "      <td>-0.045228</td>\n",
       "      <td>0.024855</td>\n",
       "      <td>-0.036465</td>\n",
       "      <td>-0.020993</td>\n",
       "      <td>0.004007</td>\n",
       "      <td>0.001997</td>\n",
       "      <td>-0.016211</td>\n",
       "      <td>0.013937</td>\n",
       "      <td>0.010777</td>\n",
       "      <td>-0.002187</td>\n",
       "      <td>...</td>\n",
       "      <td>-0.043863</td>\n",
       "      <td>0.029304</td>\n",
       "      <td>-0.030087</td>\n",
       "      <td>0.005376</td>\n",
       "      <td>0.006284</td>\n",
       "      <td>-0.040108</td>\n",
       "      <td>-0.035997</td>\n",
       "      <td>-0.036887</td>\n",
       "      <td>-0.049700</td>\n",
       "      <td>0.013533</td>\n",
       "    </tr>\n",
       "    <tr>\n",
       "      <th>Mecha</th>\n",
       "      <td>-0.067052</td>\n",
       "      <td>-0.049362</td>\n",
       "      <td>-0.058761</td>\n",
       "      <td>-0.029040</td>\n",
       "      <td>0.059057</td>\n",
       "      <td>0.190835</td>\n",
       "      <td>0.042156</td>\n",
       "      <td>-0.137627</td>\n",
       "      <td>0.003878</td>\n",
       "      <td>-0.037063</td>\n",
       "      <td>...</td>\n",
       "      <td>1.000000</td>\n",
       "      <td>-0.015703</td>\n",
       "      <td>-0.051757</td>\n",
       "      <td>-0.025069</td>\n",
       "      <td>-0.070420</td>\n",
       "      <td>0.443825</td>\n",
       "      <td>-0.128519</td>\n",
       "      <td>-0.063273</td>\n",
       "      <td>-0.095264</td>\n",
       "      <td>-0.015472</td>\n",
       "    </tr>\n",
       "    <tr>\n",
       "      <th>Music</th>\n",
       "      <td>-0.022603</td>\n",
       "      <td>0.028996</td>\n",
       "      <td>-0.027886</td>\n",
       "      <td>-0.011217</td>\n",
       "      <td>0.119344</td>\n",
       "      <td>-0.097882</td>\n",
       "      <td>-0.092854</td>\n",
       "      <td>-0.055566</td>\n",
       "      <td>0.012318</td>\n",
       "      <td>-0.051372</td>\n",
       "      <td>...</td>\n",
       "      <td>-0.015703</td>\n",
       "      <td>1.000000</td>\n",
       "      <td>-0.051577</td>\n",
       "      <td>-0.029509</td>\n",
       "      <td>-0.010850</td>\n",
       "      <td>-0.039687</td>\n",
       "      <td>0.099736</td>\n",
       "      <td>-0.011017</td>\n",
       "      <td>-0.066208</td>\n",
       "      <td>-0.024859</td>\n",
       "    </tr>\n",
       "    <tr>\n",
       "      <th>Mystery</th>\n",
       "      <td>-0.051491</td>\n",
       "      <td>0.129295</td>\n",
       "      <td>0.136162</td>\n",
       "      <td>0.095735</td>\n",
       "      <td>-0.001873</td>\n",
       "      <td>0.021690</td>\n",
       "      <td>-0.008952</td>\n",
       "      <td>-0.098495</td>\n",
       "      <td>0.091250</td>\n",
       "      <td>-0.051784</td>\n",
       "      <td>...</td>\n",
       "      <td>-0.051757</td>\n",
       "      <td>-0.051577</td>\n",
       "      <td>1.000000</td>\n",
       "      <td>0.219866</td>\n",
       "      <td>-0.030836</td>\n",
       "      <td>-0.009504</td>\n",
       "      <td>-0.077626</td>\n",
       "      <td>-0.059807</td>\n",
       "      <td>0.197592</td>\n",
       "      <td>0.215998</td>\n",
       "    </tr>\n",
       "    <tr>\n",
       "      <th>Psychological</th>\n",
       "      <td>0.009225</td>\n",
       "      <td>0.095483</td>\n",
       "      <td>0.147982</td>\n",
       "      <td>0.123316</td>\n",
       "      <td>0.023292</td>\n",
       "      <td>-0.025622</td>\n",
       "      <td>-0.071750</td>\n",
       "      <td>-0.159844</td>\n",
       "      <td>0.122919</td>\n",
       "      <td>-0.041521</td>\n",
       "      <td>...</td>\n",
       "      <td>-0.025069</td>\n",
       "      <td>-0.029509</td>\n",
       "      <td>0.219866</td>\n",
       "      <td>1.000000</td>\n",
       "      <td>-0.032723</td>\n",
       "      <td>0.024569</td>\n",
       "      <td>-0.056388</td>\n",
       "      <td>-0.050745</td>\n",
       "      <td>0.103127</td>\n",
       "      <td>0.248909</td>\n",
       "    </tr>\n",
       "    <tr>\n",
       "      <th>Romance</th>\n",
       "      <td>-0.062871</td>\n",
       "      <td>0.100643</td>\n",
       "      <td>0.109914</td>\n",
       "      <td>0.047786</td>\n",
       "      <td>-0.033720</td>\n",
       "      <td>-0.136645</td>\n",
       "      <td>-0.080157</td>\n",
       "      <td>0.063376</td>\n",
       "      <td>0.186901</td>\n",
       "      <td>0.150001</td>\n",
       "      <td>...</td>\n",
       "      <td>-0.070420</td>\n",
       "      <td>-0.010850</td>\n",
       "      <td>-0.030836</td>\n",
       "      <td>-0.032723</td>\n",
       "      <td>1.000000</td>\n",
       "      <td>-0.072760</td>\n",
       "      <td>0.081786</td>\n",
       "      <td>-0.068659</td>\n",
       "      <td>0.023546</td>\n",
       "      <td>-0.038089</td>\n",
       "    </tr>\n",
       "    <tr>\n",
       "      <th>Sci-Fi</th>\n",
       "      <td>-0.081317</td>\n",
       "      <td>-0.020668</td>\n",
       "      <td>-0.028579</td>\n",
       "      <td>-0.023326</td>\n",
       "      <td>0.052087</td>\n",
       "      <td>0.247319</td>\n",
       "      <td>0.072656</td>\n",
       "      <td>-0.162011</td>\n",
       "      <td>0.029841</td>\n",
       "      <td>-0.037846</td>\n",
       "      <td>...</td>\n",
       "      <td>0.443825</td>\n",
       "      <td>-0.039687</td>\n",
       "      <td>-0.009504</td>\n",
       "      <td>0.024569</td>\n",
       "      <td>-0.072760</td>\n",
       "      <td>1.000000</td>\n",
       "      <td>-0.171415</td>\n",
       "      <td>-0.067911</td>\n",
       "      <td>-0.100313</td>\n",
       "      <td>0.018708</td>\n",
       "    </tr>\n",
       "    <tr>\n",
       "      <th>Slice of Life</th>\n",
       "      <td>-0.074761</td>\n",
       "      <td>0.156863</td>\n",
       "      <td>0.077151</td>\n",
       "      <td>0.039623</td>\n",
       "      <td>-0.086004</td>\n",
       "      <td>-0.278258</td>\n",
       "      <td>-0.189040</td>\n",
       "      <td>0.146890</td>\n",
       "      <td>0.043308</td>\n",
       "      <td>-0.046111</td>\n",
       "      <td>...</td>\n",
       "      <td>-0.128519</td>\n",
       "      <td>0.099736</td>\n",
       "      <td>-0.077626</td>\n",
       "      <td>-0.056388</td>\n",
       "      <td>0.081786</td>\n",
       "      <td>-0.171415</td>\n",
       "      <td>1.000000</td>\n",
       "      <td>0.004880</td>\n",
       "      <td>-0.045502</td>\n",
       "      <td>-0.056354</td>\n",
       "    </tr>\n",
       "    <tr>\n",
       "      <th>Sports</th>\n",
       "      <td>-0.070251</td>\n",
       "      <td>0.054633</td>\n",
       "      <td>-0.017228</td>\n",
       "      <td>-0.006888</td>\n",
       "      <td>-0.090604</td>\n",
       "      <td>-0.035146</td>\n",
       "      <td>-0.100984</td>\n",
       "      <td>-0.015241</td>\n",
       "      <td>0.037232</td>\n",
       "      <td>-0.028805</td>\n",
       "      <td>...</td>\n",
       "      <td>-0.063273</td>\n",
       "      <td>-0.011017</td>\n",
       "      <td>-0.059807</td>\n",
       "      <td>-0.050745</td>\n",
       "      <td>-0.068659</td>\n",
       "      <td>-0.067911</td>\n",
       "      <td>0.004880</td>\n",
       "      <td>1.000000</td>\n",
       "      <td>-0.082688</td>\n",
       "      <td>-0.027958</td>\n",
       "    </tr>\n",
       "    <tr>\n",
       "      <th>Supernatural</th>\n",
       "      <td>-0.041320</td>\n",
       "      <td>0.111751</td>\n",
       "      <td>0.157908</td>\n",
       "      <td>0.093361</td>\n",
       "      <td>-0.048609</td>\n",
       "      <td>0.060879</td>\n",
       "      <td>-0.043195</td>\n",
       "      <td>-0.041878</td>\n",
       "      <td>0.039738</td>\n",
       "      <td>0.017668</td>\n",
       "      <td>...</td>\n",
       "      <td>-0.095264</td>\n",
       "      <td>-0.066208</td>\n",
       "      <td>0.197592</td>\n",
       "      <td>0.103127</td>\n",
       "      <td>0.023546</td>\n",
       "      <td>-0.100313</td>\n",
       "      <td>-0.045502</td>\n",
       "      <td>-0.082688</td>\n",
       "      <td>1.000000</td>\n",
       "      <td>0.072887</td>\n",
       "    </tr>\n",
       "    <tr>\n",
       "      <th>Thriller</th>\n",
       "      <td>-0.007966</td>\n",
       "      <td>0.069575</td>\n",
       "      <td>0.143321</td>\n",
       "      <td>0.117351</td>\n",
       "      <td>0.023920</td>\n",
       "      <td>0.045239</td>\n",
       "      <td>-0.037587</td>\n",
       "      <td>-0.095085</td>\n",
       "      <td>0.076522</td>\n",
       "      <td>-0.026318</td>\n",
       "      <td>...</td>\n",
       "      <td>-0.015472</td>\n",
       "      <td>-0.024859</td>\n",
       "      <td>0.215998</td>\n",
       "      <td>0.248909</td>\n",
       "      <td>-0.038089</td>\n",
       "      <td>0.018708</td>\n",
       "      <td>-0.056354</td>\n",
       "      <td>-0.027958</td>\n",
       "      <td>0.072887</td>\n",
       "      <td>1.000000</td>\n",
       "    </tr>\n",
       "  </tbody>\n",
       "</table>\n",
       "<p>23 rows × 23 columns</p>\n",
       "</div>"
      ],
      "text/plain": [
       "                 Format  Mean Score  Popularity  Favorites    Source  \\\n",
       "Format         1.000000   -0.106881   -0.234199  -0.136544  0.119537   \n",
       "Mean Score    -0.106881    1.000000    0.374020   0.280960 -0.140784   \n",
       "Popularity    -0.234199    0.374020    1.000000   0.863669 -0.129990   \n",
       "Favorites     -0.136544    0.280960    0.863669   1.000000 -0.083701   \n",
       "Source         0.119537   -0.140784   -0.129990  -0.083701  1.000000   \n",
       "Action        -0.011674    0.070201    0.106678   0.070199  0.040377   \n",
       "Adventure     -0.024202    0.022738    0.010196   0.021929  0.038123   \n",
       "Comedy        -0.101061    0.047612    0.029548  -0.004420 -0.235377   \n",
       "Drama         -0.104003    0.199661    0.157483   0.137805  0.008232   \n",
       "Ecchi         -0.076335   -0.079937    0.047298  -0.010424 -0.087715   \n",
       "Fantasy        0.035271    0.040906    0.056053   0.036456  0.083347   \n",
       "Horror        -0.033033   -0.075192    0.045697   0.019866 -0.032872   \n",
       "Mahou Shoujo  -0.045228    0.024855   -0.036465  -0.020993  0.004007   \n",
       "Mecha         -0.067052   -0.049362   -0.058761  -0.029040  0.059057   \n",
       "Music         -0.022603    0.028996   -0.027886  -0.011217  0.119344   \n",
       "Mystery       -0.051491    0.129295    0.136162   0.095735 -0.001873   \n",
       "Psychological  0.009225    0.095483    0.147982   0.123316  0.023292   \n",
       "Romance       -0.062871    0.100643    0.109914   0.047786 -0.033720   \n",
       "Sci-Fi        -0.081317   -0.020668   -0.028579  -0.023326  0.052087   \n",
       "Slice of Life -0.074761    0.156863    0.077151   0.039623 -0.086004   \n",
       "Sports        -0.070251    0.054633   -0.017228  -0.006888 -0.090604   \n",
       "Supernatural  -0.041320    0.111751    0.157908   0.093361 -0.048609   \n",
       "Thriller      -0.007966    0.069575    0.143321   0.117351  0.023920   \n",
       "\n",
       "                 Action  Adventure    Comedy     Drama     Ecchi  ...  \\\n",
       "Format        -0.011674  -0.024202 -0.101061 -0.104003 -0.076335  ...   \n",
       "Mean Score     0.070201   0.022738  0.047612  0.199661 -0.079937  ...   \n",
       "Popularity     0.106678   0.010196  0.029548  0.157483  0.047298  ...   \n",
       "Favorites      0.070199   0.021929 -0.004420  0.137805 -0.010424  ...   \n",
       "Source         0.040377   0.038123 -0.235377  0.008232 -0.087715  ...   \n",
       "Action         1.000000   0.152430 -0.215031 -0.013861  0.007725  ...   \n",
       "Adventure      0.152430   1.000000 -0.065436 -0.042573 -0.084715  ...   \n",
       "Comedy        -0.215031  -0.065436  1.000000 -0.198108  0.166546  ...   \n",
       "Drama         -0.013861  -0.042573 -0.198108  1.000000 -0.084093  ...   \n",
       "Ecchi          0.007725  -0.084715  0.166546 -0.084093  1.000000  ...   \n",
       "Fantasy        0.126668   0.272606 -0.097569 -0.038367 -0.014017  ...   \n",
       "Horror         0.043961  -0.027632 -0.104446  0.040402 -0.014826  ...   \n",
       "Mahou Shoujo   0.001997  -0.016211  0.013937  0.010777 -0.002187  ...   \n",
       "Mecha          0.190835   0.042156 -0.137627  0.003878 -0.037063  ...   \n",
       "Music         -0.097882  -0.092854 -0.055566  0.012318 -0.051372  ...   \n",
       "Mystery        0.021690  -0.008952 -0.098495  0.091250 -0.051784  ...   \n",
       "Psychological -0.025622  -0.071750 -0.159844  0.122919 -0.041521  ...   \n",
       "Romance       -0.136645  -0.080157  0.063376  0.186901  0.150001  ...   \n",
       "Sci-Fi         0.247319   0.072656 -0.162011  0.029841 -0.037846  ...   \n",
       "Slice of Life -0.278258  -0.189040  0.146890  0.043308 -0.046111  ...   \n",
       "Sports        -0.035146  -0.100984 -0.015241  0.037232 -0.028805  ...   \n",
       "Supernatural   0.060879  -0.043195 -0.041878  0.039738  0.017668  ...   \n",
       "Thriller       0.045239  -0.037587 -0.095085  0.076522 -0.026318  ...   \n",
       "\n",
       "                  Mecha     Music   Mystery  Psychological   Romance  \\\n",
       "Format        -0.067052 -0.022603 -0.051491       0.009225 -0.062871   \n",
       "Mean Score    -0.049362  0.028996  0.129295       0.095483  0.100643   \n",
       "Popularity    -0.058761 -0.027886  0.136162       0.147982  0.109914   \n",
       "Favorites     -0.029040 -0.011217  0.095735       0.123316  0.047786   \n",
       "Source         0.059057  0.119344 -0.001873       0.023292 -0.033720   \n",
       "Action         0.190835 -0.097882  0.021690      -0.025622 -0.136645   \n",
       "Adventure      0.042156 -0.092854 -0.008952      -0.071750 -0.080157   \n",
       "Comedy        -0.137627 -0.055566 -0.098495      -0.159844  0.063376   \n",
       "Drama          0.003878  0.012318  0.091250       0.122919  0.186901   \n",
       "Ecchi         -0.037063 -0.051372 -0.051784      -0.041521  0.150001   \n",
       "Fantasy       -0.118991 -0.081312 -0.040260      -0.060472 -0.020981   \n",
       "Horror        -0.030994 -0.040003  0.171785       0.149460 -0.050579   \n",
       "Mahou Shoujo  -0.043863  0.029304 -0.030087       0.005376  0.006284   \n",
       "Mecha          1.000000 -0.015703 -0.051757      -0.025069 -0.070420   \n",
       "Music         -0.015703  1.000000 -0.051577      -0.029509 -0.010850   \n",
       "Mystery       -0.051757 -0.051577  1.000000       0.219866 -0.030836   \n",
       "Psychological -0.025069 -0.029509  0.219866       1.000000 -0.032723   \n",
       "Romance       -0.070420 -0.010850 -0.030836      -0.032723  1.000000   \n",
       "Sci-Fi         0.443825 -0.039687 -0.009504       0.024569 -0.072760   \n",
       "Slice of Life -0.128519  0.099736 -0.077626      -0.056388  0.081786   \n",
       "Sports        -0.063273 -0.011017 -0.059807      -0.050745 -0.068659   \n",
       "Supernatural  -0.095264 -0.066208  0.197592       0.103127  0.023546   \n",
       "Thriller      -0.015472 -0.024859  0.215998       0.248909 -0.038089   \n",
       "\n",
       "                 Sci-Fi  Slice of Life    Sports  Supernatural  Thriller  \n",
       "Format        -0.081317      -0.074761 -0.070251     -0.041320 -0.007966  \n",
       "Mean Score    -0.020668       0.156863  0.054633      0.111751  0.069575  \n",
       "Popularity    -0.028579       0.077151 -0.017228      0.157908  0.143321  \n",
       "Favorites     -0.023326       0.039623 -0.006888      0.093361  0.117351  \n",
       "Source         0.052087      -0.086004 -0.090604     -0.048609  0.023920  \n",
       "Action         0.247319      -0.278258 -0.035146      0.060879  0.045239  \n",
       "Adventure      0.072656      -0.189040 -0.100984     -0.043195 -0.037587  \n",
       "Comedy        -0.162011       0.146890 -0.015241     -0.041878 -0.095085  \n",
       "Drama          0.029841       0.043308  0.037232      0.039738  0.076522  \n",
       "Ecchi         -0.037846      -0.046111 -0.028805      0.017668 -0.026318  \n",
       "Fantasy       -0.145702      -0.122884 -0.129106      0.016804 -0.032852  \n",
       "Horror        -0.008887      -0.081015 -0.044781      0.246472  0.138663  \n",
       "Mahou Shoujo  -0.040108      -0.035997 -0.036887     -0.049700  0.013533  \n",
       "Mecha          0.443825      -0.128519 -0.063273     -0.095264 -0.015472  \n",
       "Music         -0.039687       0.099736 -0.011017     -0.066208 -0.024859  \n",
       "Mystery       -0.009504      -0.077626 -0.059807      0.197592  0.215998  \n",
       "Psychological  0.024569      -0.056388 -0.050745      0.103127  0.248909  \n",
       "Romance       -0.072760       0.081786 -0.068659      0.023546 -0.038089  \n",
       "Sci-Fi         1.000000      -0.171415 -0.067911     -0.100313  0.018708  \n",
       "Slice of Life -0.171415       1.000000  0.004880     -0.045502 -0.056354  \n",
       "Sports        -0.067911       0.004880  1.000000     -0.082688 -0.027958  \n",
       "Supernatural  -0.100313      -0.045502 -0.082688      1.000000  0.072887  \n",
       "Thriller       0.018708      -0.056354 -0.027958      0.072887  1.000000  \n",
       "\n",
       "[23 rows x 23 columns]"
      ]
     },
     "execution_count": 26,
     "metadata": {},
     "output_type": "execute_result"
    }
   ],
   "source": [
    "df.corr()"
   ]
  },
  {
   "cell_type": "markdown",
   "id": "0d0c4bdf",
   "metadata": {},
   "source": [
    "<p>From looking at the correlation between all columns on the dataframe, you can see Mean Score is most influenced by Popularity and Favorites, although some genres have more weight than others, most of them are neglible.</p>\n",
    "<BR>\n",
    "    <p>Another interesting observation is that the correlation between Popularity and Favorites is a whopping 0.863, which means that on animes with a lot of popularity a lot of people also favorited them.</p>"
   ]
  },
  {
   "cell_type": "code",
   "execution_count": 4,
   "id": "18d38824",
   "metadata": {},
   "outputs": [
    {
     "data": {
      "text/html": [
       "<div>\n",
       "<style scoped>\n",
       "    .dataframe tbody tr th:only-of-type {\n",
       "        vertical-align: middle;\n",
       "    }\n",
       "\n",
       "    .dataframe tbody tr th {\n",
       "        vertical-align: top;\n",
       "    }\n",
       "\n",
       "    .dataframe thead th {\n",
       "        text-align: right;\n",
       "    }\n",
       "</style>\n",
       "<table border=\"1\" class=\"dataframe\">\n",
       "  <thead>\n",
       "    <tr style=\"text-align: right;\">\n",
       "      <th></th>\n",
       "      <th>Mean Score</th>\n",
       "      <th>Popularity</th>\n",
       "      <th>Favorites</th>\n",
       "    </tr>\n",
       "  </thead>\n",
       "  <tbody>\n",
       "    <tr>\n",
       "      <th>Mean Score</th>\n",
       "      <td>1.00000</td>\n",
       "      <td>0.374020</td>\n",
       "      <td>0.280960</td>\n",
       "    </tr>\n",
       "    <tr>\n",
       "      <th>Popularity</th>\n",
       "      <td>0.37402</td>\n",
       "      <td>1.000000</td>\n",
       "      <td>0.863669</td>\n",
       "    </tr>\n",
       "    <tr>\n",
       "      <th>Favorites</th>\n",
       "      <td>0.28096</td>\n",
       "      <td>0.863669</td>\n",
       "      <td>1.000000</td>\n",
       "    </tr>\n",
       "  </tbody>\n",
       "</table>\n",
       "</div>"
      ],
      "text/plain": [
       "            Mean Score  Popularity  Favorites\n",
       "Mean Score     1.00000    0.374020   0.280960\n",
       "Popularity     0.37402    1.000000   0.863669\n",
       "Favorites      0.28096    0.863669   1.000000"
      ]
     },
     "execution_count": 4,
     "metadata": {},
     "output_type": "execute_result"
    }
   ],
   "source": [
    "df[['Mean Score', 'Popularity', 'Favorites']].corr()"
   ]
  },
  {
   "cell_type": "markdown",
   "id": "b024aa15",
   "metadata": {},
   "source": [
    "<p>I still want to see how each Source fairs with the average Mean Score</p>"
   ]
  },
  {
   "cell_type": "code",
   "execution_count": 5,
   "id": "b1a34570",
   "metadata": {
    "scrolled": true
   },
   "outputs": [
    {
     "data": {
      "text/plain": [
       "Text(0, 0.5, 'Mean Score')"
      ]
     },
     "execution_count": 5,
     "metadata": {},
     "output_type": "execute_result"
    },
    {
     "data": {
